257
1 5 4 5 6 7 8 2 1
2 4 133 134 135 136 32 1
3 1 212 2 1
4 6 9 10 11 12 13 14 2 1
5 4 51 52 53 54 16 1
6 5 60 61 62 63 64 19 1
7 4 133 134 135 136 5 1
8 3 223 224 225 3 1
9 8 15 16 17 18 19 20 21 22 3 1
10 5 93 94 95 96 97 29 1
11 4 161 162 163 164 2 1
12 2 215 216 3 1
13 2 253 254 2 1
14 1 257 1 1
15 5 23 24 25 26 27 1 1
16 3 81 82 83 22 1
17 2 143 144 41 1
18 2 199 200 2 1
19 2 217 218 2 1
20 2 237 238 3 1
21 1 242 3 1
22 0 1 1
23 6 28 29 30 31 32 33 1 1
24 4 98 99 100 101 27 1
25 2 154 155 3 1
26 2 217 218 1 1
27 1 256 2 1
28 6 34 35 36 37 38 39 3 1
29 6 121 122 123 124 125 126 36 1
30 4 195 196 197 198 1 1
31 2 210 211 2 1
32 1 230 1 1
33 1 239 2 1
34 5 40 41 42 43 44 1 1
35 2 149 150 2 1
36 3 189 190 191 1 1
37 4 195 196 197 198 2 1
38 1 239 1 1
39 1 248 3 1
40 6 45 46 47 48 49 50 3 1
41 2 176 177 1 1
42 2 219 220 2 1
43 1 230 1 1
44 1 234 2 1
45 4 51 52 53 54 2 1
46 4 65 66 67 68 8 1
47 2 127 128 10 1
48 2 210 211 3 1
49 1 255 2 1
50 1 257 3 1
51 5 55 56 57 58 59 1 1
52 4 77 78 79 80 10 1
53 3 170 171 172 2 1
54 1 248 1 1
55 5 60 61 62 63 64 2 1
56 2 127 128 27 1
57 2 205 206 2 1
58 1 242 2 1
59 2 250 251 2 1
60 4 65 66 67 68 3 1
61 3 118 119 120 23 1
62 2 147 148 41 1
63 3 151 152 153 47 1
64 2 213 214 2 1
65 8 69 70 71 72 73 74 75 76 1 1
66 3 170 171 172 1 1
67 1 235 3 1
68 1 256 2 1
69 4 77 78 79 80 3 1
70 5 93 94 95 96 97 8 1
71 3 102 103 104 12 1
72 2 145 146 26 1
73 4 161 162 163 164 3 1
74 2 176 177 3 1
75 3 223 224 225 3 1
76 1 235 1 1
77 3 81 82 83 1 1
78 2 137 138 27 1
79 1 230 3 1
80 1 244 3 1
81 6 84 85 86 87 88 89 1 1
82 4 185 186 187 188 2 1
83 2 250 251 1 1
84 3 90 91 92 2 1
85 4 129 130 131 132 19 1
86 2 178 179 3 1
87 2 183 184 1 1
88 3 207 208 209 1 1
89 2 237 238 2 1
90 5 93 94 95 96 97 1 1
91 2 159 160 34 1
92 3 223 224 225 1 1
93 4 98 99 100 101 2 1
94 2 143 144 25 1
95 1 212 1 1
96 1 248 1 1
97 1 252 2 1
98 3 102 103 104 2 1
99 3 118 119 120 9 1
100 3 223 224 225 2 1
101 1 248 2 1
102 5 105 106 107 108 109 3 1
103 4 201 202 203 204 1 1
104 1 248 3 1
105 3 110 111 112 2 1
106 6 121 122 123 124 125 126 5 1
107 3 165 166 167 34 1
108 3 207 208 209 2 1
109 1 242 3 1
110 5 113 114 115 116 117 1 1
111 2 210 211 3 1
112 1 248 1 1
113 3 118 119 120 1 1
114 3 156 157 158 30 1
115 3 231 232 233 2 1
116 1 235 2 1
117 2 245 246 1 1
118 6 121 122 123 124 125 126 1 1
119 3 189 190 191 50 1
120 1 255 2 1
121 2 127 128 1 1
122 4 195 196 197 198 2 1
123 4 201 202 203 204 1 1
124 2 215 216 1 1
125 1 228 3 1
126 1 240 3 1
127 4 129 130 131 132 3 1
128 2 226 227 3 1
129 4 133 134 135 136 3 1
130 2 147 148 13 1
131 3 173 174 175 35 1
132 2 237 238 1 1
133 2 137 138 3 1
134 4 195 196 197 198 37 1
135 3 223 224 225 2 1
136 1 235 3 1
137 4 139 140 141 142 1 1
138 2 219 220 1 1
139 2 143 144 2 1
140 1 230 3 1
141 2 253 254 1 1
142 1 257 1 1
143 2 145 146 3 1
144 2 221 222 3 1
145 2 147 148 1 1
146 2 221 222 1 1
147 2 149 150 3 1
148 1 241 2 1
149 3 151 152 153 3 1
150 1 239 3 1
151 2 154 155 3 1
152 3 192 193 194 28 1
153 1 257 3 1
154 3 156 157 158 2 1
155 2 199 200 29 1
156 2 159 160 3 1
157 4 201 202 203 204 29 1
158 2 250 251 3 1
159 4 161 162 163 164 3 1
160 1 236 3 1
161 3 165 166 167 1 1
162 4 185 186 187 188 14 1
163 1 212 30 1
164 1 248 3 1
165 2 168 169 1 1
166 3 189 190 191 14 1
167 1 244 1 1
168 3 170 171 172 2 1
169 2 217 218 33 1
170 3 173 174 175 1 1
171 1 249 3 1
172 2 253 254 2 1
173 2 176 177 3 1
174 3 189 190 191 10 1
175 1 229 43 1
176 2 178 179 1 1
177 1 239 3 1
178 3 180 181 182 2 1
179 1 240 3 1
180 2 183 184 2 1
181 1 230 39 1
182 2 250 251 3 1
183 4 185 186 187 188 1 1
184 1 240 1 1
185 3 189 190 191 1 1
186 2 205 206 11 1
187 1 236 44 1
188 1 247 2 1
189 3 192 193 194 2 1
190 1 244 1 1
191 0 1 1
192 4 195 196 197 198 3 1
193 2 226 227 26 1
194 0 2 1
195 2 199 200 1 1
196 2 213 214 11 1
197 3 223 224 225 22 1
198 1 241 47 1
199 4 201 202 203 204 2 1
200 1 255 3 1
201 2 205 206 2 1
202 2 213 214 8 1
203 1 249 3 1
204 0 3 1
205 3 207 208 209 3 1
206 1 252 2 1
207 2 210 211 1 1
208 1 247 48 1
209 2 253 254 1 1
210 1 212 1 1
211 1 244 43 1
212 2 213 214 1 1
213 2 215 216 1 1
214 1 257 2 1
215 2 217 218 3 1
216 1 248 45 1
217 2 219 220 3 1
218 2 237 238 26 1
219 2 221 222 3 1
220 1 255 48 1
221 3 223 224 225 1 1
222 1 236 17 1
223 2 226 227 1 1
224 1 230 8 1
225 0 1 1
226 1 228 2 1
227 1 257 48 1
228 1 229 3 1
229 1 230 2 1
230 3 231 232 233 3 1
231 1 234 1 1
232 1 239 10 1
233 1 256 25 1
234 1 235 1 1
235 1 236 3 1
236 2 237 238 3 1
237 1 239 2 1
238 1 255 25 1
239 1 240 3 1
240 1 241 1 1
241 1 242 1 1
242 1 243 3 1
243 1 244 1 1
244 2 245 246 1 1
245 1 247 3 1
246 2 253 254 11 1
247 1 248 1 1
248 1 249 2 1
249 2 250 251 1 1
250 1 252 1 1
251 0 8 1
252 2 253 254 3 1
253 1 255 2 1
254 1 257 7 1
255 1 256 2 1
256 1 257 3 1
257 0 3 1
