tarefa(1,[4,5,6,7,8],2,1).
tarefa(2,[133,134,135,136],32,1).
tarefa(3,[212],2,1).
tarefa(4,[9,10,11,12,13,14],2,1).
tarefa(5,[51,52,53,54],16,1).
tarefa(6,[60,61,62,63,64],19,1).
tarefa(7,[133,134,135,136],5,1).
tarefa(8,[223,224,225],3,1).
tarefa(9,[15,16,17,18,19,20,21,22],3,1).
tarefa(10,[93,94,95,96,97],29,1).
tarefa(11,[161,162,163,164],2,1).
tarefa(12,[215,216],3,1).
tarefa(13,[253,254],2,1).
tarefa(14,[257],1,1).
tarefa(15,[23,24,25,26,27],1,1).
tarefa(16,[81,82,83],22,1).
tarefa(17,[143,144],41,1).
tarefa(18,[199,200],2,1).
tarefa(19,[217,218],2,1).
tarefa(20,[237,238],3,1).
tarefa(21,[242],3,1).
tarefa(22,[],1,1).
tarefa(23,[28,29,30,31,32,33],1,1).
tarefa(24,[98,99,100,101],27,1).
tarefa(25,[154,155],3,1).
tarefa(26,[217,218],1,1).
tarefa(27,[256],2,1).
tarefa(28,[34,35,36,37,38,39],3,1).
tarefa(29,[121,122,123,124,125,126],36,1).
tarefa(30,[195,196,197,198],1,1).
tarefa(31,[210,211],2,1).
tarefa(32,[230],1,1).
tarefa(33,[239],2,1).
tarefa(34,[40,41,42,43,44],1,1).
tarefa(35,[149,150],2,1).
tarefa(36,[189,190,191],1,1).
tarefa(37,[195,196,197,198],2,1).
tarefa(38,[239],1,1).
tarefa(39,[248],3,1).
tarefa(40,[45,46,47,48,49,50],3,1).
tarefa(41,[176,177],1,1).
tarefa(42,[219,220],2,1).
tarefa(43,[230],1,1).
tarefa(44,[234],2,1).
tarefa(45,[51,52,53,54],2,1).
tarefa(46,[65,66,67,68],8,1).
tarefa(47,[127,128],10,1).
tarefa(48,[210,211],3,1).
tarefa(49,[255],2,1).
tarefa(50,[257],3,1).
tarefa(51,[55,56,57,58,59],1,1).
tarefa(52,[77,78,79,80],10,1).
tarefa(53,[170,171,172],2,1).
tarefa(54,[248],1,1).
tarefa(55,[60,61,62,63,64],2,1).
tarefa(56,[127,128],27,1).
tarefa(57,[205,206],2,1).
tarefa(58,[242],2,1).
tarefa(59,[250,251],2,1).
tarefa(60,[65,66,67,68],3,1).
tarefa(61,[118,119,120],23,1).
tarefa(62,[147,148],41,1).
tarefa(63,[151,152,153],47,1).
tarefa(64,[213,214],2,1).
tarefa(65,[69,70,71,72,73,74,75,76],1,1).
tarefa(66,[170,171,172],1,1).
tarefa(67,[235],3,1).
tarefa(68,[256],2,1).
tarefa(69,[77,78,79,80],3,1).
tarefa(70,[93,94,95,96,97],8,1).
tarefa(71,[102,103,104],12,1).
tarefa(72,[145,146],26,1).
tarefa(73,[161,162,163,164],3,1).
tarefa(74,[176,177],3,1).
tarefa(75,[223,224,225],3,1).
tarefa(76,[235],1,1).
tarefa(77,[81,82,83],1,1).
tarefa(78,[137,138],27,1).
tarefa(79,[230],3,1).
tarefa(80,[244],3,1).
tarefa(81,[84,85,86,87,88,89],1,1).
tarefa(82,[185,186,187,188],2,1).
tarefa(83,[250,251],1,1).
tarefa(84,[90,91,92],2,1).
tarefa(85,[129,130,131,132],19,1).
tarefa(86,[178,179],3,1).
tarefa(87,[183,184],1,1).
tarefa(88,[207,208,209],1,1).
tarefa(89,[237,238],2,1).
tarefa(90,[93,94,95,96,97],1,1).
tarefa(91,[159,160],34,1).
tarefa(92,[223,224,225],1,1).
tarefa(93,[98,99,100,101],2,1).
tarefa(94,[143,144],25,1).
tarefa(95,[212],1,1).
tarefa(96,[248],1,1).
tarefa(97,[252],2,1).
tarefa(98,[102,103,104],2,1).
tarefa(99,[118,119,120],9,1).
tarefa(100,[223,224,225],2,1).
tarefa(101,[248],2,1).
tarefa(102,[105,106,107,108,109],3,1).
tarefa(103,[201,202,203,204],1,1).
tarefa(104,[248],3,1).
tarefa(105,[110,111,112],2,1).
tarefa(106,[121,122,123,124,125,126],5,1).
tarefa(107,[165,166,167],34,1).
tarefa(108,[207,208,209],2,1).
tarefa(109,[242],3,1).
tarefa(110,[113,114,115,116,117],1,1).
tarefa(111,[210,211],3,1).
tarefa(112,[248],1,1).
tarefa(113,[118,119,120],1,1).
tarefa(114,[156,157,158],30,1).
tarefa(115,[231,232,233],2,1).
tarefa(116,[235],2,1).
tarefa(117,[245,246],1,1).
tarefa(118,[121,122,123,124,125,126],1,1).
tarefa(119,[189,190,191],50,1).
tarefa(120,[255],2,1).
tarefa(121,[127,128],1,1).
tarefa(122,[195,196,197,198],2,1).
tarefa(123,[201,202,203,204],1,1).
tarefa(124,[215,216],1,1).
tarefa(125,[228],3,1).
tarefa(126,[240],3,1).
tarefa(127,[129,130,131,132],3,1).
tarefa(128,[226,227],3,1).
tarefa(129,[133,134,135,136],3,1).
tarefa(130,[147,148],13,1).
tarefa(131,[173,174,175],35,1).
tarefa(132,[237,238],1,1).
tarefa(133,[137,138],3,1).
tarefa(134,[195,196,197,198],37,1).
tarefa(135,[223,224,225],2,1).
tarefa(136,[235],3,1).
tarefa(137,[139,140,141,142],1,1).
tarefa(138,[219,220],1,1).
tarefa(139,[143,144],2,1).
tarefa(140,[230],3,1).
tarefa(141,[253,254],1,1).
tarefa(142,[257],1,1).
tarefa(143,[145,146],3,1).
tarefa(144,[221,222],3,1).
tarefa(145,[147,148],1,1).
tarefa(146,[221,222],1,1).
tarefa(147,[149,150],3,1).
tarefa(148,[241],2,1).
tarefa(149,[151,152,153],3,1).
tarefa(150,[239],3,1).
tarefa(151,[154,155],3,1).
tarefa(152,[192,193,194],28,1).
tarefa(153,[257],3,1).
tarefa(154,[156,157,158],2,1).
tarefa(155,[199,200],29,1).
tarefa(156,[159,160],3,1).
tarefa(157,[201,202,203,204],29,1).
tarefa(158,[250,251],3,1).
tarefa(159,[161,162,163,164],3,1).
tarefa(160,[236],3,1).
tarefa(161,[165,166,167],1,1).
tarefa(162,[185,186,187,188],14,1).
tarefa(163,[212],30,1).
tarefa(164,[248],3,1).
tarefa(165,[168,169],1,1).
tarefa(166,[189,190,191],14,1).
tarefa(167,[244],1,1).
tarefa(168,[170,171,172],2,1).
tarefa(169,[217,218],33,1).
tarefa(170,[173,174,175],1,1).
tarefa(171,[249],3,1).
tarefa(172,[253,254],2,1).
tarefa(173,[176,177],3,1).
tarefa(174,[189,190,191],10,1).
tarefa(175,[229],43,1).
tarefa(176,[178,179],1,1).
tarefa(177,[239],3,1).
tarefa(178,[180,181,182],2,1).
tarefa(179,[240],3,1).
tarefa(180,[183,184],2,1).
tarefa(181,[230],39,1).
tarefa(182,[250,251],3,1).
tarefa(183,[185,186,187,188],1,1).
tarefa(184,[240],1,1).
tarefa(185,[189,190,191],1,1).
tarefa(186,[205,206],11,1).
tarefa(187,[236],44,1).
tarefa(188,[247],2,1).
tarefa(189,[192,193,194],2,1).
tarefa(190,[244],1,1).
tarefa(191,[],1,1).
tarefa(192,[195,196,197,198],3,1).
tarefa(193,[226,227],26,1).
tarefa(194,[],2,1).
tarefa(195,[199,200],1,1).
tarefa(196,[213,214],11,1).
tarefa(197,[223,224,225],22,1).
tarefa(198,[241],47,1).
tarefa(199,[201,202,203,204],2,1).
tarefa(200,[255],3,1).
tarefa(201,[205,206],2,1).
tarefa(202,[213,214],8,1).
tarefa(203,[249],3,1).
tarefa(204,[],3,1).
tarefa(205,[207,208,209],3,1).
tarefa(206,[252],2,1).
tarefa(207,[210,211],1,1).
tarefa(208,[247],48,1).
tarefa(209,[253,254],1,1).
tarefa(210,[212],1,1).
tarefa(211,[244],43,1).
tarefa(212,[213,214],1,1).
tarefa(213,[215,216],1,1).
tarefa(214,[257],2,1).
tarefa(215,[217,218],3,1).
tarefa(216,[248],45,1).
tarefa(217,[219,220],3,1).
tarefa(218,[237,238],26,1).
tarefa(219,[221,222],3,1).
tarefa(220,[255],48,1).
tarefa(221,[223,224,225],1,1).
tarefa(222,[236],17,1).
tarefa(223,[226,227],1,1).
tarefa(224,[230],8,1).
tarefa(225,[],1,1).
tarefa(226,[228],2,1).
tarefa(227,[257],48,1).
tarefa(228,[229],3,1).
tarefa(229,[230],2,1).
tarefa(230,[231,232,233],3,1).
tarefa(231,[234],1,1).
tarefa(232,[239],10,1).
tarefa(233,[256],25,1).
tarefa(234,[235],1,1).
tarefa(235,[236],3,1).
tarefa(236,[237,238],3,1).
tarefa(237,[239],2,1).
tarefa(238,[255],25,1).
tarefa(239,[240],3,1).
tarefa(240,[241],1,1).
tarefa(241,[242],1,1).
tarefa(242,[243],3,1).
tarefa(243,[244],1,1).
tarefa(244,[245,246],1,1).
tarefa(245,[247],3,1).
tarefa(246,[253,254],11,1).
tarefa(247,[248],1,1).
tarefa(248,[249],2,1).
tarefa(249,[250,251],1,1).
tarefa(250,[252],1,1).
tarefa(251,[],8,1).
tarefa(252,[253,254],3,1).
tarefa(253,[255],2,1).
tarefa(254,[257],7,1).
tarefa(255,[256],2,1).
tarefa(256,[257],3,1).
tarefa(257,[],3,1).
